   1.0000000e+00  -1.8942398e+00  -2.4561170e+00  -4.0400789e+00  -3.5598829e+00  -3.5598829e+00  -4.7044558e+00  -3.0976657e+00  -2.5314156e+00  -2.7968119e+00  -3.5598829e+00  -3.4445123e+00
   2.0000000e+00  -6.1910100e+00  -5.1002408e+00  -4.1988948e+00  -2.9617899e+00  -2.9617899e+00  -1.9409757e+00  -1.8321916e+00  -2.0165652e+00  -5.1633819e+00  -2.9617899e+00  -1.9299109e+00
   3.0000000e+00  -2.8228766e+00  -3.3433859e+00  -2.9655639e+00  -3.2701810e+00  -3.2701810e+00  -4.1028718e+00  -4.2213993e+00  -3.0620857e+00  -3.0439421e+00  -3.2701810e+00  -3.7954523e+00
   4.0000000e+00  -9.5059340e-01  -9.8825898e-01  -8.7357808e-01  -4.5509780e-01  -4.5509780e-01  -1.5077750e-01   2.9981576e-03   4.2968218e-01  -9.3747682e-01  -4.5509780e-01   9.3967613e-02
   5.0000000e+00  -1.9115512e+00  -1.7188308e+00  -2.4309613e+00  -1.5078534e+00  -1.5078534e+00  -1.9211200e+00  -9.9237129e-01  -9.7885555e-01  -2.0204477e+00  -1.5078534e+00  -1.2974490e+00
   6.0000000e+00  -4.2041014e+00  -3.4529516e+00  -3.3183634e+00  -3.2256992e+00  -3.2256992e+00  -4.6505227e+00  -4.1605889e+00  -3.5492783e+00  -3.6584722e+00  -3.2256992e+00  -4.1201300e+00
   7.0000000e+00  -4.7909947e+00  -4.4219224e+00  -4.0335485e+00  -2.7506993e+00  -2.7506993e+00  -1.3941903e+00  -1.1942612e+00  -5.8803798e-01  -4.4154885e+00  -2.7506993e+00  -1.0588298e+00
   8.0000000e+00  -1.6397972e+00  -2.0126764e+00  -2.3015198e+00  -1.8649685e+00  -1.8649685e+00  -2.4428524e+00  -2.1466757e+00  -1.2777460e+00  -1.9846645e+00  -1.8649685e+00  -1.9557580e+00
   9.0000000e+00  -3.3243570e+00  -2.8704324e+00  -3.4652917e+00  -2.3555067e+00  -2.3555067e+00  -1.5432039e+00  -8.1532886e-01  -9.1840966e-01  -3.2200270e+00  -2.3555067e+00  -1.0923142e+00
   1.0000000e+01  -8.8184617e+00  -7.5322763e+00  -8.1413180e+00  -6.0301589e+00  -6.0301589e+00  -3.2395686e+00  -4.2958102e+00  -5.7210665e+00  -8.1640187e+00  -6.0301589e+00  -4.4188151e+00
   1.1000000e+01  -5.1127090e+00  -5.8346075e+00  -8.8201703e+00  -7.1762687e+00  -7.1762687e+00  -1.6713268e+01  -1.2288558e+01  -9.5524039e+00  -6.5891623e+00  -7.1762687e+00  -1.2851410e+01
   1.2000000e+01  -3.8351307e+00  -3.4790010e+00  -4.1201848e+00  -3.7937212e+00  -3.7937212e+00  -4.5433547e+00  -3.7776531e+00  -3.0920489e+00  -3.8114388e+00  -3.7937212e+00  -3.8043522e+00
   1.3000000e+01  -2.2821624e+00  -3.0147905e+00  -2.8843667e+00  -2.5274862e+00  -2.5274862e+00  -6.0916283e-01  -8.2536694e-01  -1.4955664e-01  -2.7271065e+00  -2.5274862e+00  -5.2802880e-01
   1.4000000e+01   1.1075127e-01  -1.1537775e-01  -1.7656301e+00  -3.4159963e+00  -3.4159963e+00  -7.3898380e+00  -6.0798815e+00  -5.3829876e+00  -5.9008552e-01  -3.4159963e+00  -6.2842357e+00
   1.5000000e+01  -1.1824639e+01  -1.0454624e+01  -1.0382480e+01  -8.1134696e+00  -8.1134696e+00  -1.0130682e+01  -7.1852580e+00  -5.9433118e+00  -1.0887248e+01  -8.1134696e+00  -7.7530838e+00
   1.6000000e+01  -6.6655380e-01  -1.1601594e+00  -1.9973322e+00  -2.3159918e+00  -2.3159918e+00  -3.5029063e+00  -3.0703274e+00  -2.5929043e+00  -1.2746818e+00  -2.3159918e+00  -3.0553793e+00
   1.7000000e+01  -1.1411772e+00  -1.0823264e+00  -6.7888528e-01  -6.5711119e-01  -6.5711119e-01  -1.0486479e-01  -4.4466621e-01  -3.2763171e-01  -9.6746295e-01  -6.5711119e-01  -2.9238757e-01
   1.8000000e+01  -6.3914847e+00  -6.2993926e+00  -5.9643865e+00  -5.1812581e+00  -5.1812581e+00  -4.3234395e+00  -3.3801275e+00  -2.5916076e+00  -6.2184213e+00  -5.1812581e+00  -3.4317249e+00
   1.9000000e+01  -3.5334520e+00  -3.1734432e+00  -2.6999896e+00  -2.0514886e+00  -2.0514886e+00  -1.8821146e+00  -1.2249861e+00  -1.1184487e+00  -3.1356283e+00  -2.0514886e+00  -1.4085165e+00
   2.0000000e+01  -2.2777488e+00  -2.1798600e+00  -1.3129070e+00  -1.1419895e+00  -1.1419895e+00  -1.4633084e+00  -1.0622242e+00  -7.0294972e-01  -1.9235053e+00  -1.1419895e+00  -1.0761608e+00
   2.1000000e+01  -2.4011587e+00  -3.2712555e+00  -3.9807309e+00  -2.9969762e+00  -2.9969762e+00  -1.2273130e+00  -2.4376840e-02   3.9452428e-01  -3.2177150e+00  -2.9969762e+00  -2.8572186e-01
   2.2000000e+01  -3.0331989e+00  -3.7544861e+00  -3.8650440e+00  -2.5316873e+00  -2.5316873e+00  -1.5851391e+00  -1.0099991e+00  -8.7713929e-01  -3.5509096e+00  -2.5316873e+00  -1.1574258e+00
   2.3000000e+01  -2.4774468e-01  -4.8625677e-01  -2.9631017e-01   8.3679993e-03   8.3679993e-03   2.3869915e+00   2.5187839e+00   2.4062171e+00  -3.4343721e-01   8.3679993e-03   2.4373308e+00
   2.4000000e+01  -3.0121618e-01  -1.7505091e-01   6.3289535e-01   8.1405282e-01   8.1405282e-01   9.2674103e-01  -5.0981248e-02   4.8799192e-01   5.2209418e-02   8.1405282e-01   4.5458390e-01
   2.5000000e+01   8.7768555e-01   1.6686157e+00   2.6768188e+00   5.4175781e+00   5.4175781e+00   1.4542548e+01   1.3592975e+01   1.3061237e+01   1.7410400e+00   5.4175781e+00   1.3732253e+01
   2.6000000e+01  -2.1136904e+00  -3.0010907e+00  -3.8374128e+00  -3.7402544e+00  -3.7402544e+00  -4.1885369e+00  -2.9142303e+00  -3.5090702e+00  -2.9840646e+00  -3.7402544e+00  -3.5372791e+00
   2.7000000e+01   2.0213115e-01   4.1448656e-01   4.9477876e-02  -4.1812347e-01  -4.1812347e-01  -6.7667142e-01  -4.2174164e-01  -5.6667762e-01   2.2203186e-01  -4.1812347e-01  -5.5503023e-01
   2.8000000e+01   2.1501948e+00   1.0792644e-01  -1.7727917e-02  -1.0904993e-01  -1.0904993e-01  -2.0778349e+00   5.0265541e-02  -1.0351636e+00   7.4679776e-01  -1.0904993e-01  -1.0209110e+00
   2.9000000e+01  -1.1115718e+00  -1.0753263e+00  -1.4461138e+00  -7.5153773e-01  -7.5153773e-01  -2.6493546e-01   7.1928786e-03  -9.2679878e-02  -1.2110040e+00  -7.5153773e-01  -1.1680749e-01
   3.0000000e+01  -9.4859324e-01  -5.9968228e-01  -5.7452135e-01  -1.9798791e-01  -1.9798791e-01  -2.6331737e-01   3.7857352e-02  -4.4844980e-01  -7.0759896e-01  -1.9798791e-01  -2.2463661e-01
   3.1000000e+01  -3.1828764e+00  -3.7424519e+00  -5.0372415e+00  -4.5759964e+00  -4.5759964e+00  -7.8386848e+00  -4.8956614e+00  -2.1975276e+00  -3.9875233e+00  -4.5759964e+00  -4.9772913e+00
   3.2000000e+01  -5.8477262e+00  -5.1380213e+00  -3.8025147e+00  -1.6401392e+00  -8.0644042e-01   1.2456896e+00   1.0457479e+00   1.0232408e+00  -4.9294207e+00  -1.2232898e+00   1.1048928e+00
   3.3000000e+01  -8.1203335e-01  -1.3642899e+00  -1.1685829e+00  -2.1462972e+00  -2.1462972e+00  -1.8715332e+00  -1.8115483e+00  -1.4571164e+00  -1.1149687e+00  -2.1462972e+00  -1.7133993e+00
   3.4000000e+01  -1.2374850e+00  -1.1923974e+00  -4.6864474e-01  -1.4857850e-01  -1.4857850e-01   5.4840092e-01   1.0690961e-01   2.7822442e-01  -9.6617570e-01  -1.4857850e-01   3.1117832e-01
   3.5000000e+01  -2.9540172e-01  -4.0428271e-01  -3.2561245e-01  -4.5023749e-01  -4.5023749e-01  -1.9268606e-01  -2.6382177e-01  -3.2316960e-01  -3.4176563e-01  -4.5023749e-01  -2.5989247e-01
   3.6000000e+01   7.5951133e-01   3.0657621e-01  -6.0721923e-01  -1.0055571e+00  -1.0055571e+00  -1.9062910e+00  -1.6783508e+00  -1.8906159e+00   1.5295610e-01  -1.0055571e+00  -1.8250859e+00
   3.7000000e+01  -1.7049081e+00  -1.0922117e+00  -1.8668572e+00  -1.8808328e+00  -1.8808328e+00  -2.0131024e+00  -1.9368594e+00  -1.8548840e+00  -1.5546590e+00  -1.8808328e+00  -1.9349486e+00
   3.8000000e+01  -1.5294888e+00  -1.4183643e+00  -1.3489399e+00  -1.3748900e+00  -1.3748900e+00  -2.0447524e+00  -9.5465743e-01  -1.5761527e+00  -1.4322643e+00  -1.3748900e+00  -1.5251875e+00
   3.9000000e+01  -2.2268440e+00  -1.3655666e+00  -2.3081028e+00  -1.7239342e+00  -1.7239342e+00  -5.9547936e+00  -3.0777874e+00  -2.3450183e+00  -1.9668378e+00  -1.7239342e+00  -3.7925331e+00
   4.0000000e+01   1.7113633e+00   1.6674777e+00   1.3172310e+00   1.4700219e+00   1.4700219e+00   1.3241209e+00   1.4535256e+00   1.3983153e+00   1.5653573e+00   1.4700219e+00   1.3919873e+00
   4.1000000e+01  -1.5592220e+00  -2.1849032e+00  -2.2867340e+00  -2.5433565e+00  -2.5433565e+00  -3.4053355e+00  -4.7129832e+00  -2.9182029e+00  -2.0102864e+00  -2.5433565e+00  -3.6788405e+00
   4.2000000e+01  -2.0350071e+00  -5.7113297e+00  -5.9331067e+00  -4.5901416e+00  -4.5901416e+00  -2.0578799e+00  -5.3304986e-01  -5.0651439e-02  -4.5598145e+00  -4.5901416e+00  -8.8052706e-01
   4.3000000e+01   1.1727758e+00   7.1181904e-01  -1.1244311e-02  -2.9488417e-01  -2.9488417e-01  -3.7842426e-01   2.3247572e-01   3.7766007e-01   6.2445017e-01  -2.9488417e-01   7.7237173e-02
   4.4000000e+01   5.3305343e-01   4.6435413e-01  -4.8178002e-02   1.3773176e-01   1.3773176e-01   5.8092287e-01   1.0176722e+00   9.7843107e-01   3.1640985e-01   1.3773176e-01   8.5900869e-01
   4.5000000e+01  -1.2171510e+00  -1.6164029e+00  -2.5089554e+00  -3.0057263e+00  -3.0057263e+00  -4.8322243e+00  -5.2652966e+00  -3.7118981e+00  -1.7808364e+00  -3.0057263e+00  -4.6031396e+00
   4.6000000e+01  -1.6014368e+00  -2.4339743e+00  -4.4325810e+00  -4.7280733e+00  -4.7280733e+00  -4.1253451e+00  -3.7318449e+00  -2.6264777e+00  -2.8226640e+00  -4.7280733e+00  -3.4945559e+00
   4.7000000e+01  -2.9978842e+00  -3.4242904e+00  -4.2220907e+00  -3.7096900e+00  -3.7096900e+00  -1.0825734e+01  -8.9290157e+00  -8.0952140e+00  -3.5480884e+00  -3.7096900e+00  -9.2833211e+00
   4.8000000e+01   4.3961426e+00   3.1576904e+00   4.1420288e+00   1.9155884e+00   1.9155884e+00   1.1870346e+01   1.1794836e+01   9.2920471e+00   3.8986206e+00   1.9155884e+00   1.0985743e+01
   4.9000000e+01  -1.9217030e+00  -8.4077902e+00  -1.3397541e+01  -1.0402354e+01  -1.0402354e+01  -3.8139152e+00  -3.4077843e-01   6.4621292e-01  -7.9090113e+00  -1.0402354e+01  -1.1694936e+00
   5.0000000e+01   3.3388804e+00   3.7941880e+00   3.3569314e+00   3.5077276e+00   3.5077276e+00   3.6969476e+00   4.4937211e+00   6.0810032e+00   3.4966666e+00   3.5077276e+00   4.7572240e+00
   5.1000000e+01  -4.0155546e+00  -2.7567867e+00  -1.2444510e+00  -6.9658728e-01  -6.9658728e-01   8.2795949e-02  -1.9913546e-01  -3.4201785e-01  -2.6722641e+00  -6.9658728e-01  -1.5278579e-01
   5.2000000e+01  -6.5125279e+00  -6.5424235e+00  -7.5084669e+00  -5.8852626e+00  -5.8852626e+00  -6.3523697e+00  -6.3808444e+00  -5.0012918e+00  -6.8544728e+00  -5.8852626e+00  -5.9115020e+00
   5.3000000e+01  -3.1616193e+00  -3.8391948e+00  -4.8065224e+00  -4.4135290e+00  -4.4135290e+00  -4.1588894e+00  -2.2370876e+00  -4.7629674e-01  -3.9357788e+00  -4.4135290e+00  -2.2907579e+00
   5.4000000e+01  -4.0956581e+00  -4.0766144e+00  -5.2581276e+00  -4.1096874e+00  -4.1096874e+00  -3.9635643e+00  -2.6736840e+00  -2.2094203e+00  -4.4768000e+00  -4.1096874e+00  -2.9488895e+00
   5.5000000e+01  -4.3326976e+00  -5.1449315e+00  -7.9271913e+00  -6.3272931e+00  -6.3272931e+00  -9.4823219e+00  -6.9561532e+00  -4.9899811e+00  -5.8016068e+00  -6.3272931e+00  -7.1428187e+00
   5.7000000e+01  -8.0374426e+00  -7.0353491e+00  -6.2075480e+00  -3.9525098e+00  -3.9525098e+00  -3.6455502e+00  -1.7044291e+00  -2.1565261e+00  -7.0934465e+00  -3.9525098e+00  -2.5021685e+00
   5.8000000e+01   6.4169884e-01   7.0631553e-01   4.7757379e-01   4.3017960e-01   5.7755287e-01   1.0968545e+00   7.2039960e-01   2.8563061e-01   6.0852939e-01   5.0386623e-01   7.0096155e-01
   5.9000000e+01  -2.0551048e-01  -1.2468199e-01  -1.2913701e-01   3.2202998e-01   3.2202998e-01   4.9309967e-01   6.0627827e-01   7.0237642e-01  -1.5310983e-01   3.2202998e-01   6.0058479e-01
   6.0000000e+01  -8.5621564e-01  -1.8733753e+00  -1.0548019e+00  -1.2334021e+00  -1.2334021e+00   9.8126831e-01  -5.2230306e-01   1.3917110e-01  -1.2614643e+00  -1.2334021e+00   1.9937879e-01
   6.1000000e+01  -7.6206816e+00  -7.3879256e+00  -5.8030724e+00  -5.0559893e+00  -5.0559893e+00  -3.6234765e+00  -3.3994838e+00  -2.6725984e+00  -6.9372266e+00  -5.0559893e+00  -3.2318529e+00
   6.2000000e+01  -5.1953337e+00  -5.4464149e+00  -6.0520574e+00  -5.2183857e+00  -5.2183857e+00  -5.1683686e+00  -3.9839094e+00  -3.2455932e+00  -5.5646020e+00  -5.2183857e+00  -4.1326237e+00
   6.3000000e+01  -2.4136612e+00  -2.5272110e+00  -4.7024276e+00  -5.4831793e+00  -5.4831793e+00  -6.0694263e+00  -6.0597204e+00  -4.3868483e+00  -3.2144332e+00  -5.4831793e+00  -5.5053317e+00
   6.4000000e+01  -2.5766442e+00  -3.2582184e+00  -4.4041299e+00  -5.5931350e+00  -5.5931350e+00  -1.0001404e+01  -9.3648255e+00  -8.1594080e+00  -3.4129975e+00  -5.5931350e+00  -9.1752123e+00
   6.5000000e+01   1.2275453e+00   1.2371792e+00   4.5806364e-01  -5.7931769e-01  -5.7931769e-01  -8.6308037e-01  -1.2872360e+00  -1.7350964e+00   9.7426270e-01  -5.7931769e-01  -1.2951376e+00
   6.6000000e+01  -5.8077231e+00  -5.4664720e+00  -3.8910303e+00  -2.2560905e+00  -2.2560905e+00  -7.1588164e-01  -8.8866961e-01  -7.1625074e-02  -5.0550751e+00  -2.2560905e+00  -5.5872544e-01
   6.7000000e+01  -1.7716146e+00  -2.0850652e+00  -2.0513493e+00  -2.0466715e+00  -2.0466715e+00  -2.8101789e+00  -2.1247643e+00  -1.8671285e+00  -1.9693430e+00  -2.0466715e+00  -2.2673573e+00
   6.8000000e+01  -3.4395980e-01  -3.3223140e-01  -2.0226045e-01  -6.3393252e-02  -6.3393252e-02   5.2211381e-02  -4.3776333e-01  -1.0120414e+00  -2.9281721e-01  -6.3393252e-02  -4.6586447e-01
   6.9000000e+01  -6.4620516e+00  -7.2149302e+00  -7.0289668e+00  -6.9332472e+00  -6.9332472e+00  -7.2772195e+00  -6.6361781e+00  -5.6078795e+00  -6.9019829e+00  -6.9332472e+00  -6.5070924e+00
   7.0000000e+01  -5.1897229e+00  -4.1876387e+00  -1.5612999e+00  -1.3408319e+00  -1.3408319e+00  -1.6854053e+00  -1.2058201e+00  -1.8514577e+00  -3.6462205e+00  -1.3408319e+00  -1.5808944e+00
   7.1000000e+01   2.4602826e+00   4.2255923e+00   6.4558469e+00   8.9485763e+00   8.9485763e+00   1.0610029e+01   1.1219539e+01   1.1475399e+01   4.3805739e+00   8.9485763e+00   1.1101655e+01
   7.2000000e+01  -1.3425253e+00  -5.3970201e-01  -1.2330420e+00  -3.9958596e-01  -3.9958596e-01  -6.0454323e-01  -1.4650282e-01  -5.1359594e-01  -1.0384231e+00  -3.9958596e-01  -4.2154733e-01
   7.3000000e+01  -7.7217058e+00  -8.0390891e+00  -7.4727370e+00  -6.8847175e+00  -6.8847175e+00  -7.3603624e+00  -6.4482790e+00  -5.8092828e+00  -7.7445106e+00  -6.8847175e+00  -6.5393081e+00
   7.4000000e+01  -1.1437235e+00  -1.2979963e+00  -1.0733991e+00  -7.3013085e-01  -7.3013085e-01  -3.6858971e-03  -2.1748930e-01   1.4784622e-01  -1.1717063e+00  -7.3013085e-01  -2.4442996e-02
   7.5000000e+01  -2.5489888e+00  -3.9396440e+00  -4.6824994e+00  -3.6886995e+00  -3.6886995e+00  -1.5875363e+00  -1.4769323e+00  -1.0240843e+00  -3.7237107e+00  -3.6886995e+00  -1.3628510e+00
   7.6000000e+01   3.7710586e+00   3.0053136e+00   1.2899419e+00   5.6027324e-01   5.6027324e-01  -6.3350857e-01  -7.6663863e-01  -9.0192047e-01   2.6887714e+00   5.6027324e-01  -7.6735589e-01
   7.7000000e+01   2.0314908e+00   7.7323197e-01   3.4580972e+00   1.4780123e+00   1.4780123e+00   2.9458574e+00   1.6500685e+00   2.3509349e+00   2.0876067e+00   1.4780123e+00   2.3156203e+00
   7.8000000e+01  -2.0507721e+00  -1.6912934e+00  -2.9447574e+00  -2.6460801e+00  -2.6460801e+00  -4.1962775e+00  -2.7720334e+00  -2.6243037e+00  -2.2289410e+00  -2.6460801e+00  -3.1975382e+00
   7.9000000e+01  -8.5905225e+00  -8.8635930e+00  -7.2373495e+00  -5.1591278e+00  -5.1591278e+00  -2.8853139e+00  -1.4194293e+00  -3.8257029e-01  -8.2304883e+00  -5.1591278e+00  -1.5624378e+00
   8.1000000e+01  -1.8137566e+00  -3.7062556e-01  -2.1130003e+00  -7.5807686e-01  -7.5807686e-01  -1.3801232e+00  -5.7034596e-01  -9.0609423e-01  -1.4324608e+00  -7.5807686e-01  -9.5218780e-01
   8.2000000e+01  -1.4493005e+01  -1.3442679e+01  -9.7785445e+00  -6.5910812e+00  -6.5910812e+00  -3.1959639e+00  -2.9098303e+00  -2.0598737e+00  -1.2571410e+01  -6.5910812e+00  -2.7218893e+00
